0.3374848994830252
-6.010713467299366
1.0856642525857088
10.33237060355029
7.700588299761713
1.0030452480965892
-6.825396189923068
-6.40594245880565
4.6328837046955735
-0.23750195458385137
3.574914889278677
-0.033729626727764916
5.12361533011331
-10.02631163427029
-5.566279198469766
-6.776651836065704
-1.0035745426551164
-1.7301391109259792
-0.36483464451611036
-2.9227538926175987
-0.9262669074617441
-0.029145468478419534
4.2244792841313785
2.2220531022430947
-2.2098636174782285
2.691398026001402
-6.41849973643094
3.084802436067143
0.6358933985066023
-4.529855894258882
5.996404687552735
-6.546652479009913
2.2407254280431843
-0.7841734400753304
-0.2429830203950713
5.032542932694651
-1.2257239360542658
-8.3160849776759
-2.9835080937519294
0.29831668731355415
3.6346668518582805
7.600030568938291
-2.015098429288326
-8.752661232114548
-0.35986385477302296
-1.2206236957566508
-1.6210935926825718
-0.528952588051567
4.531121686679246
0.9513856321397154
-0.03110489125304229
-9.14545107268244
-7.830805403374757
-1.0401273948803331
4.353301215089925
-11.135436925810636
3.1005872385907303
1.0685880263254737
0.48189622473850047
-2.3228879101598716
2.5306513511639763
-2.4117940046362354
-3.9949913066817735
-3.4802314735875033
-1.4032460509727291
-1.454515430862359
1.8232873835738688
4.663700563842725
-2.0980124761409416
-6.552624307964404
7.354323086375575
-1.7626325441280881
-5.010996487517502
-3.664360803561189
-0.4065438497197545
6.088235641950569
0.5686156663171827
3.8853806688559667
-4.033074247226477
-9.34480340682091
6.503372164789981
-3.742047075527121
8.246313287669182
-3.4518199602966835
5.151967393574914
6.87167014044327
-0.9147453600791365
2.5480301011886852
0.6990054909042669
1.314173891059043
-3.064756320493088
1.8540266666428036
2.040550119913451
3.3209842983776054
9.726025051941704
-6.672631985000913
5.456347831858905
-4.4792622509082385
-2.129371598548074
-10.269682503749415
-1.1637388927915546
3.263847616034064
-2.7313782752573768
3.0144041749224457
2.5445045242288016
1.8449445744648192
-0.20857035951692382
3.30870943419188
2.893854536721781
5.757675672997111
-3.121195893459064
-2.8475803775761332
-0.6369321820194104
-4.07555073108942
-0.9672407995971393
-6.57038814634738
-9.035654049583737
3.541216462568805
8.357639894051776
3.6818431914939445
-2.079564344472396
0.22356543279151214
-1.3074939861076884
-3.2610380193934025
8.55054660506337
4.354222853098731
3.314573341113842
0.5453445711569105
-2.887929102926788
10.80424595017484
-5.095510612677998
-2.054030300804051
-3.685776559362604
3.692653301588509
-2.2009508196737686
-0.8178365886441432
-1.7227402972320747
3.2197270970192604
-3.3796996032785733
-3.3237070879337436
-1.19605183757138
-3.441946973852975
-2.1928518176983935
-0.6536726030605502
-3.9846817599853583
-6.395037445758173
-2.2812923112197923
-0.11210655353170151
2.5384398227855134
-1.331585051175092
1.0391402978915327
-2.8389025188877235
-4.309948949691624
-11.555470192868635
-6.701513689760719
0.7093188539124224
0.07599490511681845
-6.533702588166588
3.3898699483875756
-1.881343226755593
7.695846943429883
-2.180591857747564
3.358275977957515
4.281759253171622
-7.4882214979144575
1.0175328318522574
-2.015455391150331
-4.678407682124656
-1.637528614081093
1.3192986057019103
3.2672565159120923
-2.0878825266645973
-0.8816528575135792
1.2841299831565887
-8.727338984290846
1.5147027489128613
-0.2525399148292428
0.3381307440057847
-5.275695116295949
2.5476926858020374
1.2315594378683585
-14.401403164775564
-3.837796032723692
2.8604756644998677
8.95350787622115
-4.81565868296457
2.180997917284146
0.9141278348632024
3.9660398956280027
-5.08528909562468
0.5259347428172575
-3.6329193229290166
2.8529140942258238
-3.226271464787213
6.100098647957021
-2.3077389244059847
-1.0401079241216684
-0.1690209479936664
-0.13217526559663906
3.871161283048599
-0.3584418595024563
1.600042015289533
2.173946316999183
-0.6413824618000088
-1.2854084287356706
-2.406954873119699
4.117383826456614
10.984246667426653
-2.2345809685901967
-3.483344565863819
-1.0114864713438603
-0.6188901363029107
-1.0812900455854269
-2.0455125331396014
3.1203863982099636
2.9961811594172416
0.3325414735051718
-1.8324981716699047
-3.165616935675029
-0.36473753878708925
4.742289804607539
4.550473883005657
-2.591445346834435
2.4622689110232967
-4.884085692270211
-7.037731190365278
-4.086711964363391
-1.1621696590135142
5.24828345467051
-3.765538802891006
8.188561432126702
-4.782430581780922
6.088225723906586
-2.717538582437768
-0.5804046926504663
1.9595642891000256
-0.8332630566617091
1.5115561601095804
-0.7154766006213609
4.726538654593407
-9.533378754387547
-1.5995117667308196
-3.168241083942394
2.8777697712277908
-1.7011161102584818
9.094584173320856
4.843729959251744
-1.3172584862557917
2.844178896390181
1.544564467623116
-2.715170220890136
-4.403396286984951
-3.56305140062898
4.293871858856033
10.747766083230438
0.7629384541740103
1.3909821407132112
8.404522934463555
6.219044918918154
-8.895108468372003
-1.0505526099192346
1.6725358679538755
-0.9415687729909393
4.463218202193225
3.6890863631733484
2.4973611446859234
-7.203966610581276
0.17323073469010325
-2.3419256595226945
-2.131667719036857
6.115241645092828
-5.201497806679561
-8.632489083644694
0.8271197650481801
-0.5839123658678601
3.1844547507479
7.584233224248616
0.3557542896185734
2.0957645846901714
12.254345511422816
2.9237735324888128
3.5023205794265326
5.679275838170899
-5.344570894251285
3.4947873029393595
-0.3381167190461549
4.67569176156878
-6.6362360230328905
-1.3451539893195774
6.088097979502332
2.1879083554682484
11.317379053905878
-1.7871449728604587
-1.9734129906614002
8.378783593852155
-4.869312062937114
3.4494696326848793
-1.3923559429868924
5.373413380648288
0.7407483221005459
2.176447301305787
-0.11932959863986525
2.3612979708011763
4.337499816721866
4.938940306471827
-12.293169214647875
5.047872914958832
-4.225126088373706
-2.1989992408262555
-4.237651784008637
-6.915789966015438
3.513400831254279
2.2376900408540648
1.582964715061356
-3.348508863826929
3.2552078989759505
-1.01624923911111
0.746293232180378
-1.311763613390596
-14.231850370547843
3.8988794010465537
-8.74679908739781
-5.190312930448177
-0.24622700267091105
3.526635713695149
-3.389074460063919
-1.926660662503815
-3.3645280424118975
-2.073619185557745
1.0519430917619992
3.263564389971144
5.2022912547150835
7.678426346486315
-4.248187092836578
2.760931517239022
-6.557166110118288
-3.0835750757999736
-6.998339666707897
0.08261479619569556
-2.5791785813379327
5.212420400513691
0.3574948085930152
-0.6675271258959692
-0.6314320330352899
-2.1780725850873175
-2.9731021231900234
6.2497986856711885
3.414707992470319
-5.378083797513797
4.086471167728828
-2.528950416266061
4.15951419750303
-4.4599469334526205
9.18450069455931
6.900079878139101
-10.108749290898595
-3.846805867859833
-4.93592236962676
0.2858075419441683
-0.329293606489652
3.5654347548722365
-0.17292173665877297
-6.543275808937957
1.524727359787449
3.3351066093381734
-5.425077059241966
-1.5648947532430977
0.5351214150098279
2.810658555871292
10.099827761278828
-1.942288685830583
3.2888559837060205
-3.755668249461582
-4.315830339021601
-10.13023561649373
6.672329979947227
1.6587115772622618
1.2606267288946578
-3.065656106875876
-3.7173533213718035
-1.2726821880080794
-0.3754974034305561
-1.2385276184892877
4.359610765272158
6.801783250661205
-3.707825866549921
-1.7295666072233722
-4.090042086569444
-6.031201266191476
-1.784986889842167
6.827199806687553
-6.147959127348748
2.4558227447455527
1.252644499298282
4.981397509021729
-1.9525132851078288
-3.7279162457386668
2.4144716564905524
-1.444199987354601
2.7542703695287694
-2.9349472003782644
-2.6787316411191595
-0.23400312909320964
-2.785164870882195
0.09193685474990287
-5.363186231468317
2.882223725377079
1.2466800633102206
-0.6336803268779584
-2.4456529499987343
-2.5145067337441662
-5.840688258177702
5.931090361912869
-4.8383467029675025
2.496249182915312
-6.6607144472980035
-7.098712241582385
-1.7179499441179595
3.1863368696895935
2.036390573090918
-4.731881095355922
-0.7681097658315815
4.460180855302077
-10.426122330744825
-1.8796429281887845
0.3094231063600619
-3.0987312537138982
-7.537388786712377
-5.9518459398523715
-1.6750556828860945
-0.023772307616585442
2.917648496595351
-4.173020803980636
7.335048439753054
-1.0468256831301996
3.0026347728985523
-1.410290479555
1.668523626249533
1.7724978380355236
