-0.3149532218856267
1.4526979609577775
-0.4158917905839028
-0.1864618032892899
1.8223897812918324
-0.13980024064334462
0.8802643953974693
-0.4138208157467608
-1.0281516837783007
-0.3670104150227111
-0.6893145404306168
-0.3899071030357869
0.10288861340596422
0.2252151536003774
0.39610173433715634
1.084695463241774
-0.7585726744755297
0.029583669136970796
0.3427602171584437
0.9908626344597959
0.8785609525178353
-0.6086389109958973
-0.5758698193008623
0.10816317729901531
0.29273793952308186
-0.5619658858092027
0.6378678986434476
0.550604580206829
-0.6777860379302487
-1.3225279264404748
0.5350879795459358
0.3174072893043307
-0.14534419031065005
1.520387721832578
-0.6483053218387749
-0.5093397591764289
1.3911855575478624
-0.8092973619886836
0.9334148402198429
-1.0694440166871606
0.11205882624150049
-0.6265021540500345
-0.11775916178543014
0.08057186219949986
0.44264530294489696
-0.04056718803926936
0.49616449657736394
-0.21735216468866825
0.13014787632802433
-0.413665890893155
1.8209671957420794
-1.1371624823948183
0.6044268163072525
-0.5080211906336282
0.4358152600351296
-0.3668429167020494
0.865127598014799
-0.32877124307051425
-0.7441480139470363
-0.8368862263356409
0.4610187006655486
-0.45880874399493987
-0.36725661504735985
0.6988773658858786
0.7650098327639593
-0.23452761939070604
0.22235980546249948
-0.7903034939283802
0.1290880722739196
0.2919253184311549
0.4763481880783561
-0.33576226108672036
1.2111805285319335
-0.8824576765388074
-0.25197672301840596
2.2609754367912944
-0.5328659337792667
-1.4857567454034861
-1.6486659231180354
-0.1436467054382664
-0.060535068722310494
-0.14982490812386556
0.31326015231655596
-0.9338168814287006
-0.433424620178494
-0.22186748990709068
-0.17261990002978625
-0.09790595983544957
-0.15727164113949393
0.5516076966258816
0.5228320243606298
-0.32571434250417935
0.3011788428957749
0.7415086985310594
0.37461094575546994
-0.12274485283487994
-0.37013714969764566
0.01648875377464285
-0.017395711047590225
-0.5588362557713054
-0.4776496945696773
0.2071079097818639
0.03359772313118546
0.4807009929985409
0.06017012039142174
0.17697580553972955
0.20319269550052182
0.13534879391398696
-0.6771898053599698
0.47219473842427906
0.04413328651838114
0.0192935043900338
0.772051602628343
0.5171780421663177
-0.06352149951478608
-0.10644118391235688
0.5385477717566762
0.2982305860021362
-0.08019315942465925
0.49302633626255327
-0.7612696696314639
-0.1548560880082966
0.7786799441364399
-0.48739515369939995
0.3131186355178121
0.742568178740105
-0.6220336239292684
-0.3888033522748815
0.10208186345697481
-0.0862183203188538
0.18660212583625796
-0.12158616006129673
0.11749731078664201
0.3833348764718239
0.3748939801180049
-1.145649510104468
0.10783487814740324
0.02665084580143536
-0.2517131135102279
0.1380092516758469
0.3308126428634625
-0.0869403267603289
-0.26448251905199
-0.08236131771409076
0.14905383212767484
1.059851222725471
0.8593211561824271
0.276468216761594
0.2369019785980596
0.33006172162848807
-0.7198274061177744
0.6551888632062619
0.39016350661234256
0.353429449067286
0.20559582029659
-0.050434106644728305
-0.49221709239734523
-0.03799177015189389
-0.43151805905033896
-0.4716681830368962
-0.04847053554448675
0.056113769578116056
-0.34939184403746504
0.3945488105683728
0.892129526626637
0.40010068203531596
-0.033980317261357036
0.08280247896187616
-0.6394950707643702
-0.7376813517513264
0.13368169776426667
-0.2919930680659967
0.8965068089534544
0.2600257382838758
0.3171118930973987
-0.31644874993478544
0.2756700208909942
-0.5092612179337215
0.018315244379616468
0.6158675351409899
-0.5730253423672669
-0.4858027368422445
0.3503140991517958
-0.43159567837570434
-0.14629766186983859
-0.7807692273711765
-0.039437815166141824
-0.2691604912781955
-0.6176615773842903
-0.4039310987821475
