-0.4641078371239218
0.451097744422848
0.061817848273807985
1.189122713444117
-0.3282633440086641
-1.735371701105256
0.8707676890824566
0.4195342137199824
-0.7749010156610103
-1.8114199394308341
-1.3131934441156217
1.1541041581900724
0.2199048345107532
-0.6002580825686396
0.28195862870305105
-1.1927277878538565
0.10714399082197823
0.044996780135621584
0.6666843234109034
0.4558327623535772
-0.1446427277649881
-1.129880629814909
0.6763588486941455
0.8894922444765954
-0.21902041284230211
0.06514922394277933
-2.0136716108103347
0.4190207092056992
-0.7183714835788961
1.1518841950075713
-1.8908204420863841
-0.5791274666200863
0.45142712794328727
-0.14938765571879595
0.2196569605180526
0.6820401731185999
-1.1398757113589082
-0.5360894626666612
-0.4618002700628096
-0.07917291912827917
-0.8062653042931869
-0.4135471041199593
-0.16401572571240963
2.10871457550479
-0.07386921114830036
0.6978776129116988
-0.19763580051557728
0.34371684551080317
0.7261579772360898
-1.7767484541454643
1.4840078451445995
-1.372885521414272
-0.020878328666397272
-2.286117042997205
-0.23177229874761052
0.7643032833852017
-0.7767934849105956
0.8124938316989269
-1.8736731885172044
-2.0487458856039527
0.7338295578604748
0.5191350608053644
2.1454081748611933
-0.3833220024002625
-1.8238735270835487
0.0881850887466821
-0.5968238612752534
-0.601695823738837
-1.4298589842020821
0.8405086817388088
0.3540416415471369
0.15161468972677264
1.1027037200175733
-0.06700781192346494
1.3645382624382798
-0.0032462871606699917
-1.1192467585492567
-0.8145903670571668
-0.223230014319452
-1.4951255688172678
-0.32057710862427136
-1.3676566542249462
-1.0118693738772158
0.3101492033635352
-0.9554365530010536
-1.790695798999654
0.38546738342399445
0.2912578705134965
0.16638641726147074
-0.2522653551420786
0.6753478420331327
-1.106029567956759
0.6224760448701652
-0.0955423886539386
-0.08402214066447405
-0.8883370900494173
0.01511745846389223
-0.3531093942269257
-0.3363382485326749
0.3245630986071409
-0.03252513741855084
1.0437665272889165
-0.7268324472104962
-0.5839924331656197
-0.4920248672555967
0.7777131417638999
-0.6555761893598858
1.0392837312196104
-1.8509425710686536
0.7491036660682171
-0.16437653081905498
-2.6207276619571664
0.2348609481160035
-1.6027109995911617
-0.09128297148523246
-0.13923433803324414
-0.5229850339908857
-1.023793174031736
-0.9556652388742619
0.5474642443902975
0.8375684411266903
-0.056946423723254314
-0.34446301736643503
-0.6649321734893447
0.3140723669338219
0.2939125097488644
0.7213163742740867
-1.2664865168171107
0.006829205806723526
-2.19621379469269
-1.6807746296094028
-0.7980552825891571
-0.521561164470247
-0.5586244536177503
-1.1499812961337335
-0.9745002486020071
-0.3111642653056885
1.0942315845459443
-0.3281012055008373
0.19979595699082808
-0.48337420734690645
0.79596474445041
0.20673435406144622
-1.6179774986943753
-0.7395271858234258
-1.0301352535061594
0.8434152351158959
-0.9096396957337907
0.5073648116914622
0.2113908228138056
0.33505374027921997
0.3918301167256969
0.2555528402111332
-0.37387150093997307
-1.1434557150795324
0.19861357880353292
-1.04787339937266
-1.09753010092228
0.22920835958474442
0.3614877146839041
1.0849702903654288
0.018761060431423282
-0.6174233928166509
0.2223926505615078
-0.6538324329943097
-0.4263296537138226
0.5481948075020087
0.14729785362251968
0.21244576017479702
1.3252201244023283
1.096981173685536
1.291687636579249
0.2921252267786003
0.2017320643622793
-0.8500624033319432
-0.3992173571724607
-0.7150029193948797
-0.08522200929879337
0.7122800235032565
0.6238340895175125
-0.07734435517012983
0.025441434720799128
0.1696193310634723
-2.064802866603196
0.39056658056918536
0.4351603825474746
0.44839458944496957
-0.3082445443300012
-0.5748429418946199
-0.21481171511506225
-0.4488273660759856
0.10082696906230204
-0.02343366971294203
0.6295599920236032
-0.4413478643153811
0.4566657096913722
-0.648380187862447
-0.7049031308135724
-1.2968940591802698
1.561465291408873
-0.8335520913130853
-2.037971772449017
1.3315559301090552
-1.0599791148637443
1.5533116980369572
-0.04266508454533513
0.36622248701424837
-0.7429997391458045
0.840086188055969
-1.0954767328682167
0.9951135287959945
0.5787046064822705
-1.1509207782064181
0.32429660677272687
-0.25973843685730097
0.27211171449311644
-0.43869663348592847
1.659797144097504
-0.49533969898372476
0.6864359806513407
-1.0548529885881852
-0.4348857191583331
-1.478709526620706
-0.6642498005538683
0.7301918947992312
1.3000589069696205
-0.39587297457797244
-0.26866668374430236
1.0310727794550214
-1.3298717022022342
0.1911397491118463
0.5029453597422431
1.2310362168598548
-1.45715383798016
-0.04902840883429386
-0.7864982254150588
0.4365926538086114
-1.51304332690076
-0.1699449145930596
-0.8920703581519428
1.4600459304614941
-0.1953328592075827
0.8710998733419562
-0.6322850895522035
-0.1581486294328862
-0.8890126656621293
0.007998754704827693
1.836543933069253
0.4528498714593404
0.3450196951646807
1.6668515895074345
1.5564114178733388
-1.2373095724717451
0.044723126939436336
-0.2450846201409494
0.048744550075744075
-0.31023126829612924
1.9242953641624023
0.03363420610257273
-0.46108363841146277
-0.034261526503319095
-0.8969809476974135
0.4735523987305374
-1.0482695988721087
-0.6116788432895247
0.595191290330443
-0.748441304543876
-0.7855767479433798
-1.3919551438940632
0.6076336188420997
-1.3216723057122723
-0.24721816595982565
0.41294878457203316
0.5480143021969426
-0.4181516696983155
-0.7343737580418369
-1.0482116783334312
0.3712778992893853
-2.018822143251138
-0.5221500253784294
0.5506936737957746
1.0482676613334423
-0.349093354220877
0.14831164105756084
-1.2311659176522596
1.003430435473772
0.08497882824625416
0.7545121930752611
-1.0622440578596042
-0.3634466843291555
0.8583597088714118
0.38402985467846074
-0.6600780697680628
1.043239992590269
-0.3880825379527763
0.1253397119286852
0.3538908278099979
-0.5689000832107425
0.026984148909901473
-0.8429864003489118
-0.7180119206783274
0.35143332284457224
0.7454934643011131
-0.626290079094197
-0.7591459341548972
0.42970560194897167
0.12370170319215124
1.0305197619604238
0.5133567688771717
0.7788100463718615
0.27685777163070796
-0.03782616492387458
-0.47957672819139785
-0.1985162232113561
-1.081095148691749
3.189322301621944
1.085712639769842
0.38239441489264026
-2.2714526006454836
-0.958744892855759
-2.5981196654697314
-0.6278148271966696
1.0852200122594786
0.06127254121493564
-0.675315388574517
-0.03627554322142745
-0.1565407721513035
-0.5457141852338465
-1.0328896125357772
1.2371834318979351
0.3758258393525508
-1.1176452534700245
-0.9423095655093263
0.7381996714929504
0.7814274569228719
0.06088867382760388
-1.1596301248068879
0.8039697501999385
0.7385183115680571
0.8662638668966519
-0.3107270372750505
-0.17340881038491487
0.03451826878675002
-0.04320276484941865
1.6810612612730107
1.4393343103437908
0.5559900116578393
1.1199787859802934
-0.7745952149627354
-0.10136310868216675
-0.7243820865503741
1.2614866040756139
0.2627050725733223
-1.6102801155781301
1.0771348468986752
1.5348299709789084
-2.222181378613479
-0.6536068600158231
-0.47153503503814215
-1.3543774840210283
0.18128426318217739
0.2853424472039932
-1.0693619085624653
-0.7320622907680875
1.3987043416727658
-0.8144297750452683
0.8126143785182615
-0.3587199267680914
-0.3935348901842143
0.37937204611070424
-0.24187574021625516
-0.014227679078132743
1.632037998953113
2.5938812137754788
0.7493279898200504
-0.6883690412433003
0.4437938641854011
-1.0125310214187893
-0.31809196669877643
0.012542450007148653
-0.873907377306354
-0.022953212332340794
0.036852539067620205
1.5917460435979867
0.17539648781685718
-0.5090546260022292
1.205452352903189
-0.12668513857717387
-1.5174103489534603
-0.7153100571874993
-0.7750028363488761
-0.34296493260515154
-0.5811607783511973
-0.3593214639223667
-0.08109189211222582
0.297846339726046
-0.23462256415849758
0.9950081547799832
-0.2414547486434756
-0.8390635422309222
0.6818573919773349
1.684051220559211
-0.03097673284578084
1.3854407583721249
-1.3177834425849433
0.8388525148575692
0.47528016962905395
-0.9167173871339218
0.15519514382383215
0.23984363525247943
-0.10155247112823677
-0.3415295773287098
-0.5285255016314636
0.4995462915684361
-0.36019299232555607
-0.405424855756093
-4.219163188827862
-0.4055138840608262
-0.057733654413858394
-1.9805287976421564
0.7124313281666115
-0.30811833758105256
-0.2257817396803531
1.655208488681538
-1.5221785435420119
-0.29864673701964406
0.24766652644058143
-1.5390778068455075
0.5928552019200789
-1.7775700307982731
-0.7044469207578925
-1.280781506247952
0.06671321603920977
1.1288778606467604
-0.18956762132576627
-1.3876933150484794
-1.3517086562751588
0.1898942435196374
-0.013312242310260063
